0 10 13 17 18 14 6 23 7 9,
10 0 13 6 13 3 2 19 13 4,
13 13 0 17 12 15 19 19 9 0,
17 6 17 0 2 10 0 13 16 14,
18 13 12 2 0 15 18 17 9 14,
14 3 15 10 15 0 15 3 6 8,
6 2 19 0 18 15 0 2 0 0,
23 19 19 13 17 3 2 0 0 4,
7 13 9 16 9 6 0 0 0 21,
9 4 0 14 14 8 0 4 21 0